time=1720456443.7982101
Epoch 1/1, 116/231
train_loss=[0.7212634086608887, 0.6863346099853516, 0.6888764500617981, 0.7227542400360107, 0.7037586569786072, 0.6922886371612549, 0.6900801658630371, 0.7070927023887634, 0.6958280801773071, 0.6989173889160156, 0.6864613890647888, 0.6887806057929993, 0.6885790228843689, 0.6952623724937439, 0.6932572722434998, 0.6878073215484619, 0.6827631592750549, 0.697720468044281, 0.6844376921653748, 0.6947844624519348, 0.6613057255744934, 0.7108895182609558, 0.6691024899482727, 0.7216095924377441, 0.6920531988143921, 0.6753427982330322, 0.6449103355407715, 0.6592610478401184, 0.662966251373291, 0.6608744263648987, 0.704731285572052, 0.6132201552391052, 0.6655018925666809, 0.6597316265106201, 0.6981624960899353, 0.6680651903152466, 0.6759636998176575, 0.721162736415863, 0.6474229097366333, 0.7141396403312683, 0.7117239832878113, 0.7228745818138123, 0.6712740063667297, 0.7553240656852722, 0.7693886160850525, 0.7397674918174744, 0.7557770609855652, 0.7699395418167114, 0.7319936156272888, 0.6315309405326843, 0.6732408404350281, 0.6747493147850037, 0.713446319103241, 0.7175502181053162, 0.620452344417572, 0.6710132956504822, 0.6807062029838562, 0.719514012336731, 0.7673760652542114, 0.6309199929237366, 0.6782734990119934, 0.7217094302177429, 0.573422908782959, 0.7090169191360474, 0.6603013873100281, 0.6515165567398071, 0.6876490712165833, 0.6724255084991455, 0.7137419581413269, 0.684606671333313, 0.67437344789505, 0.6673790216445923, 0.7084595561027527, 0.7182870507240295, 0.6962658762931824, 0.6688249707221985, 0.6062771677970886, 0.6816689372062683, 0.7103790044784546, 0.6824876666069031, 0.739456295967102, 0.702702522277832, 0.6967644095420837, 0.6857569813728333, 0.6108683943748474, 0.698394238948822, 0.6578533053398132, 0.667382538318634, 0.6384260058403015, 0.6712667346000671, 0.6399707198143005, 0.6634190678596497, 0.646459698677063, 0.6334525346755981, 0.7667816281318665, 0.6451036930084229, 0.73161381483078, 0.6678094863891602, 0.6329815983772278, 0.6962823271751404, 0.6676055192947388, 0.7481746077537537, 0.6440483331680298, 0.7400667071342468, 0.7924312949180603, 0.6189278960227966, 0.6769023537635803, 0.6237182021141052, 0.7262187004089355, 0.6678841710090637, 0.6505688428878784, 0.7227715849876404, 0.7723142504692078, 0.5425302982330322, 0.7149046659469604, 0.7159249186515808]
test_loss=[0.6981058120727539, 0.6930525302886963, 0.6870454549789429, 0.6818230152130127, 0.6791934967041016, 0.6766383647918701, 0.674157440662384, 0.6731399893760681, 0.6729596853256226, 0.6740819215774536, 0.6747630834579468, 0.6751699447631836, 0.674623966217041, 0.6743484735488892, 0.6748815774917603, 0.6748012900352478, 0.6751023530960083, 0.6748476028442383, 0.6737918257713318, 0.6739320755004883, 0.6743105053901672, 0.6738886833190918, 0.6743267774581909]
train_accuracy=[0.26666666666666666, 0.28, 0.28, 0.4, 0.32, 0.44, 0.52, 0.32, 0.12, 0.4, 0.4, 0.36, 0.52, 0.32, 0.28, 0.4, 0.36, 0.44, 0.4, 0.28, 0.28, 0.4, 0.4]
test_accuracy=[0.1484375, 0.234375, 0.359375, 0.375, 0.3828125, 0.375, 0.375, 0.375, 0.375, 0.375, 0.375, 0.375, 0.375, 0.375, 0.375, 0.375, 0.375, 0.375, 0.375, 0.375, 0.375, 0.375, 0.375]
