time=1720005244.0881732
Epoch 1/1, 171/1280
train_loss=[0.5, 1.0, 0.0, 4.3122157642667596e-41, 0.5, 0.5, 1.615859330224279e-33, 0.0, 0.5, 0.5, 0.49375662207603455, 0.5, 0.0, 0.5, 0.5, 0.5, 0.5, 0.13441844284534454, 0.5, 1.0, 0.5, 0.0, 1.2645164133573417e-06, 0.5, 0.5, 0.0, 0.0, 0.0, 0.6210366487503052, 0.999994695186615, 0.5, 0.19253939390182495, 0.4999680519104004, 0.9929548501968384, 0.5, 1.0, 1.0, 0.0, 0.5, 0.0, 0.5, 1.0, 1.0, 0.5094732642173767, 1.0, 0.988429069519043, 0.5, 0.5, 0.5, 0.0, 0.5, 0.3949512839317322, 0.0, 0.5, 0.5, 0.17573842406272888, 0.5, 0.5, 0.5, 1.0, 0.5, 0.2300751954317093, 0.5, 0.5, 0.0, 0.22834675014019012, 0.5, 1.0, 0.08519701659679413, 0.5, 0.357869029045105, 0.7747207283973694, 0.2447509467601776, 0.5, 0.5, 0.5, 0.15341632068157196, 0.5, 0.5000001192092896, 0.0, 1.0, 0.0, 0.5, 0.36163270473480225, 1.0, 1.0, 0.0, 1.0, 0.3171323239803314, 0.49794554710388184, 1.0, 1.0, 1.0, 0.5, 0.48136600852012634, 1.0, 0.22194626927375793, 0.0, 0.5, 0.5, 0.0, 2.637107082920032e-31, 0.0, 0.5, 0.8712947964668274, 0.9767425060272217, 0.5002338886260986, 0.5, 0.5, 0.0, 0.5, 0.5, 0.4992440342903137, 1.0, 0.5, 0.5, 0.5, 0.5, 0.0, 0.5434063673019409, 1.0, 0.04766126349568367, 0.5, 1.0, 0.0, 0.5, 0.0, 0.5, 0.5, 0.5, 1.0, 1.0, 0.0, 0.9997496604919434, 0.8051774501800537, 0.5, 7.564283739853496e-15, 0.5, 0.49230366945266724, 0.08741958439350128, 0.02382436953485012, 0.0, 0.5, 0.008398897014558315, 0.0, 0.5, 0.2595628798007965, 0.5, 0.5, 0.0, 1.0, 1.0, 0.7394213676452637, 0.5, 0.0, 1.0, 0.9565204381942749, 0.0, 0.0, 0.0, 0.0, 0.0, 0.5, 0.5, 0.6903799772262573, 0.0, 0.5, 0.9532626271247864, 0.5, 0.5, 0.5]
test_loss=[0.5, 0.5, 0.5, 0.5, 0.5, 0.9999944567680359, 1.0, 1.0, 1.0, 1.0, 0.5, 0.5, 1.0, 1.0, 0.5, 0.5, 1.0, 1.0, 1.0, 1.0, 0.5, 0.5, 0.5, 0.5, 0.5, 0.5, 0.5, 0.5, 0.5, 0.5, 0.0003962924238294363, 0.5, 0.5, 0.5]
train_accuracy=[0.3333333333333333, 0.3333333333333333, 0.16666666666666666, 0.16666666666666666, 0.5, 0.3333333333333333, 0.16666666666666666, 0.3333333333333333, 0.0, 0.16666666666666666, 0.16666666666666666, 0.0, 0.16666666666666666, 0.16666666666666666, 0.0, 0.3333333333333333, 0.16666666666666666, 0.16666666666666666, 0.0, 0.3333333333333333, 0.3333333333333333, 0.16666666666666666, 0.0, 0.16666666666666666, 0.3333333333333333, 0.16666666666666666, 0.16666666666666666, 0.5, 0.5, 0.16666666666666666, 0.16666666666666666, 0.6666666666666666, 0.3333333333333333, 0.0]
test_accuracy=[0.0, 0.0, 0.0, 0.0, 0.0, 0.0, 0.0, 0.0, 0.0, 0.0, 0.0, 0.0, 0.0, 0.0, 0.0, 0.0, 0.0, 0.0, 0.0, 0.0, 0.0, 0.0, 0.0, 0.0, 0.0, 0.0, 0.0, 0.0, 0.0, 0.0, 1.0, 0.0, 0.0, 0.0]
